%% Parameters for Krussel - Smith

% Matrix of transition probabilities in Den Haan, Judd, Juillard (2008)

prob=[0.525 0.35 0.03125 0.09375  
   0.038889 0.836111 0.002083 0.122917
   0.09375 0.03125 0.291667 0.583333
   0.009115 0.115885 0.024306 0.850694];

U_b = 0.1;